StoneAge recovered25 server-backed collision coverage — R1
SEMANTIC_SOURCE_VERSION|recovered25
EVIDENCE_ROLE|LATER_RECOVERED
RULE|server LS2MAP + recovered mapset only; no Taiwan-v1 ADRN substitution; uncovered floors remain explicit
MAPSET_SHA256|efc0b793c901509e6387697c6b2c2a706bd7b9a2af09f1260b592566299cc7a6
COUNT|invalid_server_files|8
COUNT|materializable_floors|826
COUNT|server_collision_closed_cells|5042761
COUNT|server_collision_ordinary_walkable_cells|1520277
COUNT|server_collision_uncovered_floors|191
COUNT|stable_floors|761
COUNT|stable_server_collision_closed|570
COUNT|status:DIVERGENT_SERVER_DUPLICATE|2
COUNT|status:NO_SERVER_MAP|189
COUNT|status:SERVER_COLLISION_CLOSED|635
COUNT|supplemental_floors|65
COUNT|supplemental_server_collision_closed|65
COUNT|valid_server_files|714
FLOOR_IDS|status:NO_SERVER_MAP|701,3015,5035,5036,5037,5038,5577,5578,5579,6031,6032,6033,6034,6035,6036,6037,6039,6040,6041,7013,7014,7015,7016,7017,7018,7019,7020,7024,7031,7032,7033,7035,7036,7037,7038,7101,7102,7103,7104,7106,7108,7110,7122,7123,7124,7125,7126,7127,7133,7134,7135,7201,7202,7207,7209,7210,7211,7212,7213,7214,7303,7307,7352,7353,7354,7355,7356,7357,7359,7403,7404,7405,7406,7408,7409,7410,7420,7422,7423,7424,8001,8002,8003,8004,8005,8006,8010,8011,8012,8013,8014,8017,8018,8019,8020,8022,8023,8031,8035,8036,8037,8038,9031,9036,9037,60001,60002,60003,60004,60005,60006,60007,60008,60010,60011,60012,60013,60014,60015,60016,60017,60018,60019,60020,60021,60022,60023,60024,60025,60026,60027,60028,60029,60030,60031,60032,60035,60040,60041,60042,60043,60044,60045,60046,60048,60053,60057,60058,60059,60060,60061,60062,60063,60066,60068,60069,60070,60071,60078,60079,60201,60202,60203,60204,60205,60206,60207,60208,60209,60210,60211,60212,60213,60300,60302,60303,60304,60305,60306,60308,60309,60310,60311,60314,60337,60339,60340,60341,60345
FLOOR_IDS|status:DIVERGENT_SERVER_DUPLICATE|5540,31001
FLOOR_IDS|status:SERVER_DIMENSION_MISMATCH|
FLOOR_IDS|status:MISSING_MAPSET_METADATA|
RESOLUTION|RECOVERED25_SERVER_COLLISION_COVERAGE_AUDITED
